============================================================
Best hyperparameters found by Optuna:
  lr: 0.0009502968332194127
  l1_alpha: 0.0008443945306534403
  l1_p: 5.445034982200193e-07
  l1_q: 2.0468345841414083e-07
  n_factors: 1
============================================================