============================================================
Best hyperparameters found by Optuna:
  lr: 0.0008941145054365984
  l1_alpha: 4.68452839678193e-05
  l1_p: 2.3056687893458325e-05
  l1_q: 0.0006995297896942441
  n_factors: 0
============================================================