============================================================
Best hyperparameters found by Optuna:
  lr: 0.0012698270976302661
  l1_alpha: 0.0005877588650351022
  l1_p: 1.1432713377826718e-06
  l1_q: 4.5908317671242055e-07
  n_factors: 2
============================================================